00000000000000000000000000000000
00000000000000000000000000000000
00000000000000000000000000000000
00000000000000000000000000000000
00000000000000000000000000000000
00000000000000000000000000000000
00000000000000000000000000000000
00000000000000000000000000000000
00000000000000000000000000000000
00000000000000000000000000000000
00000000000000000000000000000000
11111111111111111111110110100111
11111111111111111111110000110011
11111111111111111111110000110011
11111111111111111111110110100111
00000000000000000000000000000000
00000000000000000000001001011001
00000000000000000000001111001101
00000000000000000000001111001101
00000000000000000000001001011001
00000000000000000000000000000000
11111111111111111111110000110011
11111111111111111111110110100111
00000000000000000000001001011001
00000000000000000000001111001101
00000000000000000000000000000000
11111111111111111111110000110011
11111111111111111111110110100111
00000000000000000000001001011001
00000000000000000000001111001101
00000000000000000000000000000000
11111111111111111111110000110011
00000000000000000000001001011001
00000000000000000000001001011001
11111111111111111111110000110011
00000000000000000000000000000000
00000000000000000000001111001101
11111111111111111111110110100111
11111111111111111111110110100111
00000000000000000000001111001101
00000000000000000000000000000000
11111111111111111111110110100111
00000000000000000000001111001101
11111111111111111111110000110011
00000000000000000000001001011001
00000000000000000000000000000000
11111111111111111111110110100111
00000000000000000000001111001101
11111111111111111111110000110011
00000000000000000000001001011001
00000000000000000000000000000000
00000000000000000000000000000000
00000000000000000000000000000000
00000000000000000000000000000000
00000000000000000000000000000000
00000000000000000000000000000000
00000000000000000000000000000000
00000000000000000000000000000000
00000000000000000000000000000000
00000000000000000000000000000000
00000000000000000000000000000000
00000000000000000000001001011001
11111111111111111111110000110011
00000000000000000000001111001101
11111111111111111111110110100111
00000000000000000000000000000000
00000000000000000000001001011001
11111111111111111111110000110011
00000000000000000000001111001101
11111111111111111111110110100111
00000000000000000000000000000000
00000000000000000000001111001101
11111111111111111111110110100111
11111111111111111111110110100111
00000000000000000000001111001101
00000000000000000000000000000000
11111111111111111111110000110011
00000000000000000000001001011001
00000000000000000000001001011001
11111111111111111111110000110011
00000000000000000000000000000000
00000000000000000000001111001101
00000000000000000000001001011001
11111111111111111111110110100111
11111111111111111111110000110011
00000000000000000000000000000000
00000000000000000000001111001101
00000000000000000000001001011001
11111111111111111111110110100111
11111111111111111111110000110011
00000000000000000000000000000000
00000000000000000000001001011001
00000000000000000000001111001101
00000000000000000000001111001101
00000000000000000000001001011001
00000000000000000000000000000000
11111111111111111111110110100111
11111111111111111111110000110011
11111111111111111111110000110011
11111111111111111111110110100111
