00000000000000000000010000000000
00000000000000000000010000000000
00000000000000000000010000000000
00000000000000000000010000000000
00000000000000000000010000000000
00000000000000000000010000000000
00000000000000000000010000000000
00000000000000000000010000000000
00000000000000000000010000000000
00000000000000000000010000000000
00000000000000000000010000000000
00000000000000000000001100111100
00000000000000000000000100111100
11111111111111111111111011000100
11111111111111111111110011000100
11111111111111111111110000000000
11111111111111111111110011000100
11111111111111111111111011000100
00000000000000000000000100111100
00000000000000000000001100111100
00000000000000000000010000000000
00000000000000000000000100111100
11111111111111111111110011000100
11111111111111111111110011000100
00000000000000000000000100111100
00000000000000000000010000000000
00000000000000000000000100111100
11111111111111111111110011000100
11111111111111111111110011000100
00000000000000000000000100111100
00000000000000000000010000000000
11111111111111111111111011000100
11111111111111111111110011000100
00000000000000000000001100111100
00000000000000000000000100111100
11111111111111111111110000000000
00000000000000000000000100111100
00000000000000000000001100111100
11111111111111111111110011000100
11111111111111111111111011000100
00000000000000000000010000000000
11111111111111111111110011000100
00000000000000000000000100111100
00000000000000000000000100111100
11111111111111111111110011000100
00000000000000000000010000000000
11111111111111111111110011000100
00000000000000000000000100111100
00000000000000000000000100111100
11111111111111111111110011000100
00000000000000000000010000000000
11111111111111111111110000000000
00000000000000000000010000000000
11111111111111111111110000000000
00000000000000000000010000000000
11111111111111111111110000000000
00000000000000000000010000000000
11111111111111111111110000000000
00000000000000000000010000000000
11111111111111111111110000000000
00000000000000000000010000000000
11111111111111111111110011000100
00000000000000000000000100111100
00000000000000000000000100111100
11111111111111111111110011000100
00000000000000000000010000000000
11111111111111111111110011000100
00000000000000000000000100111100
00000000000000000000000100111100
11111111111111111111110011000100
00000000000000000000010000000000
11111111111111111111111011000100
11111111111111111111110011000100
00000000000000000000001100111100
00000000000000000000000100111100
11111111111111111111110000000000
00000000000000000000000100111100
00000000000000000000001100111100
11111111111111111111110011000100
11111111111111111111111011000100
00000000000000000000010000000000
00000000000000000000000100111100
11111111111111111111110011000100
11111111111111111111110011000100
00000000000000000000000100111100
00000000000000000000010000000000
00000000000000000000000100111100
11111111111111111111110011000100
11111111111111111111110011000100
00000000000000000000000100111100
00000000000000000000010000000000
00000000000000000000001100111100
00000000000000000000000100111100
11111111111111111111111011000100
11111111111111111111110011000100
11111111111111111111110000000000
11111111111111111111110011000100
11111111111111111111111011000100
00000000000000000000000100111100
00000000000000000000001100111100
