0000000000000000000000000000000000000000000000000000000000000001
0000000000000000000000000000000000000000000000000000000000001001
1111111111111111111111111111111111111111111111111111111111111010
1111111111111111111111111111111111111111111111111111111111111101
0000000000000000000000000000000000000000000000000000000000000101
0000000000000000000000000000000000000000000000000000000000000001
1111111111111111111111111111111111111111111111111111111111111110
0000000000000000000000000000000000000000000000000000000000000011
0000000000000000000000000000000000000000000000000000000000000101
0000000000000000000000000000000000000000000000000000000000000001
