00000000000000000000000000000000000000000000000000000000000000000
00000001000000010000000100000001000000010000000100000001000000011
00000010000000100000001000000010000000100000001000000010000000100
00000011000000110000001100000011000000110000001100000011000000111
00000100000001000000010000000100000001000000010000000100000001000
00000101000001010000010100000101000001010000010100000101000001011
00000110000001100000011000000110000001100000011000000110000001100
00000111000001110000011100000111000001110000011100000111000001111
00001000000010000000100000001000000010000000100000001000000010000
00001001000010010000100100001001000010010000100100001001000010011
