00000001000000010000000100000001000000010000000100000001000000011
00001001000010010000100100001001000010010000100100001001000010011
11110101111010111110100111100011110111111101110111011001110011010
11111000111011101110110011100110111000101110000011011100110100001
00000101000001010000010100000101000001010000010100000101000001011
00000001000000010000000100000001000000010000000100000001000000011
11111001111011111110110111100111111000111110000111011101110100010
00000011000000110000001100000011000000110000001100000011000000111
00000101000001010000010100000101000001010000010100000101000001011
00000001000000010000000100000001000000010000000100000001000000011
